1.     0
2.     0
3.     1
4.     0
5.     0
6.     0
7.     3
8.     2
9.     0
10.    1
11.    0
12.    4
13.    0
14.    0
15.    7
16.    9
17.    8
18.    1
19.    0
20.    0
21.    0
22.    0
23.    0
24.    0
25.    1
26.    0
27.    0
28.    1
29.    0
30.    0
31.    0
32.    0
33.    0
34.    1
35.    0
36.    0
37.    1
38.    0
39.    0
40.    2
41.    3
42.    0
43.    0
44.    0
45.    0
46.    0
47.    2
48.    0
49.    0
50.    0
51.    0
52.    0
53.    1
54.    0
55.    1
56.    0
57.    8
58.    0
59.    1
60.    0
61.    0
62.    0
63.    1
64.    0
65.    0
66.    0
67.    0
68.    0
69.    0
70.    8
71.    7
72.    3
73.    0
74.    0
75.    0
76.    0
77.    0
78.    0
79.    0
80.    0
81.    0
82.    0
83.    0
84.    0
85.    0
86.    0
87.    5
88.    0
89.    0
90.    0
91.    0
92.    0
93.    0
94.    0
95.    0
96.    0
97.    0
98.    0
99.    0
100.   0