1. 0.1
2. 0
3. 0
4. 0.5
5. 0.2
6. 0.2
7. 0.1
8. 0
9. 0
10. 0
11. 0.1
12. 0.1
13. 0
14. 0
15. 0.5
16. 0.8
17. 0.8
18. 0.2
19. 0
20. 0.1
21. 0.1
22. 0
23. 0
24. 0.1
25. 0
26. 0
27. 0
28. 0.5
29. 0
30. 0.1
31. 0
32. 0
33. 0
34. 0.2
35. 0.1
36. 0.1
37. 0
38. 0
39. 0.2
40. 0.2
41. 0
42. 0
43. 0
44. 0
45. 0
46. 0
47. 0.2
48. 0
49. 0
50. 0
51. 0
52. 0
53. 0.1
54. 0
55. 0.1
56. 0
57. 0.2
58. 0
59. 0.2
60. 0
61. 0.1
62. 0
63. 0
64. 0
65. 0
66. 0.1
67. 0
68. 0.1
69. 0
70. 0.9
71. 0.8
72. 0.1
73. 0
74. 0
75. 0
76. 0
77. 0
78. 0
79. 0
80. 0.1
81. 0
82. 0
83. 0
84. 0
85. 0
86. 0.1
87. 0.2
88. 0.1
89. 0
90. 0
91. 0
92. 0.2
93. 0
94. 0
95. 0
96. 0
97. 0
98. 0.2
99. 0.1
100. 0.4
